04191 48889117
07725 20540102
02685 66550247
03923 56522619
04192 68295789
07389 74266475
09394 56881007
04871 880594
06639 26328860
04543 44722999
07747 9452384
06237 89662209
09221 94792029
04836 74880078
04356 77544380
08621 56491179
06783 36669227
05725 38425709
06825 40402510
02771 25630670
04872 38711634
02681 53386834
07251 96300869
04826 12176626
04184 15232972
030 82936524
09522 95189646
09371 25521757
03464 69372868
09639 73862790
04108 48568667
05149 26414375
06550 73433221
09932 65399254
09563 76297495
06655 22911379
07322 71200144
07203 61155275
07153 28015627
0821 26725084
02241 50451746
03647 28069060
09771 65208079
02662 66097051
07262 35790450
04283 87148959
07031 54091070
06564 67029186
08638 87149076
06563 6319526
05358 82869919
05532 77488784
07653 11029860
09704 10921157
07573 57622584
04975 12169890
05271 50912067
06701 44603062
03542 66023096
07081 66616696
02604 9887280
0271 13987790
02871 63135247
07634 14693558
0451 96157133
05571 66514245
04624 38019064
0281 53564037
06371 61979978
030 15027859
07478 511480
04547 28380688
07466 38192874
03679 37171991
06032 25907541
09568 13517034
06763 38533044
0212 28693156
030 69297096
07045 16517140
06392 65541320
03765 32801486
02651 92378462
06725 90105881
07463 7301717
0911 30659363
07436 86306375
08382 48114000
04336 6505600
0202 7367369
06751 65846467
06441 5014832
03866 50891629
03391 86983932
09562 82628141
03647 63476717
09548 17642622
05364 48430934
07232 28544294
04643 88026341
030 75667336
02371 94167977
0361 25112595
06345 91364096
04251 50509602
03838 52968930
03902 2672302
09287 41022384
02644 67524727
06563 50136000
0391 16536023
04755 87481627
04131 46371784
03965 3020940
05102 11802856
06461 73020522
06253 64585106
05942 35057808
06723 70272415
08122 44755339
030 44488996
08266 69799874
06301 82587098
06438 1114916
09522 40336485
02663 1106666
09568 4878800
07907 72693759
09735 94171727
06544 22961446
03496 82731810
03869 54919091
03901 57824121
05261 24892157
08222 63271596
04264 91336912
02684 51874616
09424 35293077
0831 87230424
08847 20953641
04142 2007651
04356 77398824
02608 16280846
07660 68467846
07327 91788528
06501 61258900
06563 22433682
05732 84754008
04121 92065505
08257 86460919
06571 65975577
06564 68969538
04302 64958331
04363 52909131
07904 70383723
0541 65937938
04131 96394262
0941 7370722
04282 27369030
06471 15505797
05364 55067463
0221 39987651
08194 15683819
06233 35417350
07274 22683391
06071 85556518
02685 97952449
05407 64861032
03462 61548071
06131 51959915
04155 40196726
07963 77643378
02041 68740312
03343 18047025
05223 68502939
0261 45529255
0421 57434554
09173 42882010
03949 38258061
02681 56691909
04191 57666132
05251 28948472
08679 97552764
09131 64897437
07582 54479182
07732 84877322
06581 70097342
07821 51724612
05485 61509021
09102 81974961
02555 40238144
05223 62678758
02403 22812705
09431 50301376
02462 6568529
06323 3159477
03963 87359718
04421 31250266
07660 71356996
09195 92388549
09645 61421712
03960 42188956
06432 67753153
0234 81814098
04140 80691633
06432 55177173
02661 95464557
0511 35837291
0203 2821884
02685 29526188
04344 55372583
07702 47211193
05251 49712582
04883 75954602
07466 34619287
03844 97946442
0202 25505593
04192 21680590
06205 56283150
07721 4730675
05252 51280606
04382 22804003
0351 55405734
07263 19782641
04547 67704084
08221 6056689
06103 86773335
06233 23048505
04844 74616534
06838 77857913
08152 57766573
08387 16349530
03464 95144099
03661 55335297
07042 90883000
02626 92610245
09147 9816957
09871 61033926
05532 5860081
07274 66538071
09602 20514493
02684 54007077
07525 46650734
02691 91378985
030 93122426
06356 68416917
06550 39921972
07141 62263638
03973 5687562
08681 61804522
06381 77023727
0671 56350307
04122 23154269
040 77779323
07744 85197245
0202 55680751
04950 16326082
030 3365936
06589 28534377
06357 76310945
09073 13574344
05131 27796905
08102 50721271
06562 75168370
03907 54106499
02661 68052255
04141 47939640
03981 20275438
05674 19418627
09081 71891545
03963 10651326
0345 38806719
09372 15836073
04863 49769748
08742 41969151
05775 54479049
03473 28837936
03923 65688037
02741 91773522
03475 58106354
09723 25882073
07393 24571896
03883 30993181
06351 36507295
04337 63281618
02368 78510396
08234 53258648
06785 35826746
06323 22469555
02191 15507321
05805 85317814
0711 20095335
09842 69503822
030 9600509
0821 97091909
06207 94463014
06732 14116798
02604 9270845
02305 58782427
09207 79378101
02232 83836726
06334 85385692
07675 79278776
089 61715206
0531 29001357
03647 43761224
04938 41610701
06502 1553034
03586 86210223
05703 92496714
0711 72682378
06571 54105401
09177 17559475
06731 46013085
04383 90420009
0231 72445854
08331 69668211
06732 36889782
06772 81645346
03471 61687040
030 8041308
09181 14672386
06592 62169051
06150 47844827
07459 88858029
07143 88047506
02661 66640756
02984 21305807
06236 87062568
03834 94525302
09438 33249411
030 48745575
09081 64186115
03663 71907630
08232 20542477
07055 44421554
07774 14557712
03647 61200237
0234 39669484
09076 70744936
06503 13424488
030 18266502
07393 56882884
08282 62638700
0471 31466392
03929 91699009
06782 71442293
04651 7099309
06721 22732259
07645 28124202
06381 40685754
02663 77796632
03931 34618291
03675 31442799
08145 51456555
06634 20619690
06704 84787484
06155 37182942
08133 89690241
07940 76932258
02691 34087110
05305 58233649
03475 26269603
09846 35604847
06398 87174057
06772 24911267
08803 19405296
06771 59767084
06761 82055130
02151 7119669
0611 97309460
02663 14707883
06271 51181950
02742 31188997
06542 26280090
09422 47616685
05337 6199379
02626 45032008
07906 62739135
09762 81220921
04883 89620457
04841 51020935
03901 55888616
06362 76735038
0209 25063338
09346 98348791
08202 17363457
07324 23020005
07621 38710237
05906 63743331
03991 84590324
04324 94511267
06131 42045163
09561 93737229
04323 76124642
02175 74142962
06441 48440055
02604 61557126
04282 15040475
04821 46386332
09771 52023764
04544 40510
06707 97165509
09929 17590104
04335 52575598
02153 67410690
02672 48737053
02371 89274628
05031 68534059
06504 91039065
06558 94083652
09131 99264181
09975 53370482
040 23647507
07436 85807319
02302 94790508
03834 20695319
09772 83969401
06332 6265835
02222 71081885
06762 95696110
04871 62629840
0335 78843244
08076 54327905
07176 85517348
030 8441659
06233 26601278
04364 18158644
07326 474245
04139 76431886
04475 18774182
06551 39789750
09776 97461018
06543 8793711
04843 48242994
09962 34872211
02307 80345074
09562 60584830
02691 96680170
09072 5291830
09665 40038578
04823 57502082
02653 25474151
02602 50198190
089 59414463
0431 99362517
03379 82830653
08801 44366097
06022 70180549
06224 94474371
06542 8947755
06764 19925564
02424 95020208
02657 69361582
04975 43754232
04346 48662850
04321 90008786
06249 54326741
08753 91127006
04182 6936817
07422 20797933
04624 50689459
0731 99662552
03686 4953076
04631 42956973
0681 18772378
09868 11330304
0911 98390038
03869 79589885
02366 63165499
07224 34955832
05822 561736
06432 122264
04673 69931684
04534 65561606
04733 41241005
03337 19135999
0671 97276892
04623 82496338
05962 90750203
05345 918983
04153 36936206
06763 73904377
05528 76890402
02323 16450912
04963 50724509
0355 48965106
06034 17389845
03585 45324201
05725 93648313
06772 79922642
030 73125645
03533 87864530
069 91548316
06359 34972710
09776 67569997
04342 91681704
04635 89108060
04264 25601729
04642 41188743
06763 44481824
09205 32245626
04892 51196188
06249 64978656
06641 79310184
09191 50735060
05945 68145563
09148 44440978
06332 20290823
04843 82332968
02631 2249579
07357 81696346
04929 17106639
08093 62242461
06474 49638131
06731 21465157
08555 49275010
04192 96229972
09364 8132334
09481 1568991
02365 65718351
06544 92627085
03433 56046813
03686 57969022
06841 38152573
08631 4190028
08679 60207870
02653 60336413
06361 17513251
08424 59564920
07351 44520019
08061 82524533
06631 9162226
04142 39957673
06592 88113630
09372 20105578
08273 84125566
02644 50263059
0391 62921520
09131 43196283
04641 26034163
08167 73917484
02742 1945094
06073 98364609
06708 23695923
03843 22014058
04173 6214613
02862 161377
02663 1216954
03902 87056947
02655 81299683
09170 16701183
08232 25696506
07351 82173096
05909 67197629
02202 81899746
05693 67742408
06542 61900189
04127 62189106
02654 89888207
04802 56454776
07943 93812412
07643 10606374
08731 90221248
06563 38353927
06782 38266316
06731 63788330
02626 835837
04642 8647541
02682 7485513
06374 13557322
09464 47258137
07762 86329985
08076 25009842
030 75942353
03937 22540150
06731 93295553
05323 70380948
05271 7672453
05824 39800345
04663 62009861
06326 51149711
08423 18820615
09172 40373398
02685 90050338
07703 13765338
06374 33243545
06136 46045284
05327 42496747
06375 54547585
04327 59442586
05721 4018771
089 13015020
04283 72289685
04154 9793478
09105 78741296
07366 46320610
03475 71438656
09737 10944779
03866 68911394
08463 88204121
07335 13789663
06182 78261289
05553 47611696
07352 5025235
06501 41538142
069 56457269
02590 13479893
09192 22790047
0821 98722419
08335 70922819
03601 46688544
02747 40715757
06348 49780535
06637 38279834
08670 21576296
07381 57164634
0821 68171610
05676 39068030
08868 92489084
09462 18199355
06236 58472868
05528 20200516
0761 44779663
06341 60979179
0241 99035314
09070 74493353
02667 67267854
04623 99950452
08744 42935911
09429 58135997
03923 39686880
06561 25359197
04544 66874734
04827 43174612
07041 97556237
06374 23726916
05602 92343561
07721 66573717
02651 623166
0681 31787757
0711 55645792
08238 67162279
0345 88423773
05304 27123185
07391 79690965
07570 69967987
05946 6166366
06062 41813326
03421 23638618
06346 69989033
03332 64429664
02663 71383700
06531 83266064
07022 19130702
06763 16457666
02771 50832545
05376 93128671
06771 76298728
030 28257158
06323 69820353
07732 90411290
05208 97471396
02694 7505491
04221 17665542
0203 64445728
0931 548258
05282 39232269
05024 35237076
07741 26790735
0481 2861047
05462 50178102
06332 61539598
07231 83884412
04975 56344159
03622 20498832
03681 76501989
06332 43352599
03973 75761078
08241 26484350
0371 6715458
06628 6191085
07275 97974594
0234 38184172
03647 8265697
08454 87247293
06783 15137981
03867 74379897
03379 13080423
04672 26014950
02206 31588770
02662 12865902
0385 10686402
06581 33645581
06301 25945120
06221 36042771
03960 39791888
08233 28348229
07660 10329941
09371 18786893
03601 53000886
04632 39369524
07625 20427929
07304 55341391
06074 84381587
04126 11769987
06551 10136015
07345 2291598
04823 78649461
03968 75474676
04536 37996945
05605 92697663
0371 46964404
05184 54051969
07071 68098285
08124 48761892
030 24358218
0271 39078077
05406 27247241
02692 62181935
03965 86671009
05303 34826678
04127 14241770
05904 81352138
06572 12977803
0721 29926095
069 44433385
02692 13508854
04892 26833247
05165 58505346
09773 67505014
02681 53763070
09764 41989515
09152 53113220
07331 19853175
03868 631804
02691 60283443
04747 52547901
05250 54773903
06643 3620600
06782 54552367
0521 48364381
08146 84692874
07442 97322763
04684 64861866
08141 14703186
0209 26368023
02623 6538874
030 7425559
04642 71918155
0208 44118798
08333 81682231
03629 57746556
07473 19078777
0931 6966481
05352 29465385
07721 18201645
09378 79215501
06381 2698815
06352 97810701
07044 10644703
06304 56730499
05532 9621553
06785 61203968
06171 41203660
04893 43158660
04952 36306529
08555 3017627
04346 99965692
07385 56706013
09007 5759321
0921 72279662
07340 62837925
0391 51339529
02743 40298805
04824 69442458
06295 18729826
07832 88392652
07322 6656790
09644 5462927
09536 77055725
04394 32931727
07176 53174851
03863 73080400
09407 61937097
09348 83705849
0261 66288703
07176 50330636
04161 1153010
05248 34041512
03581 90535588
08584 33520385
04355 54384779
04821 60086812
03377 33338185
0351 66007979
07145 24955369
06502 52133140
03721 21986414
05826 24079237
03337 37306303
06564 85920443
07364 20857875
08532 23857841
040 44318905
0931 77415902
02662 37855457
0671 74442497
04624 75015175
04284 58190865
03981 99678690
0541 9738715
0228 11305059
05721 86995379
0911 77948125
0941 45756346
07135 98895464
07044 87733193
05192 2901468
05376 76909921
069 83721900
05464 13676991
0911 58732646
0871 74887178
09083 61721818
07586 95926069
06432 74264710
06257 19891303
02661 75387846
04704 95306758
09365 41908428
02601 31070026
09392 95988545
04154 15127659
05904 14159013
0351 62299595
02633 17960316
030 51115560
02651 14078633
06034 41999335
09194 76915233
04340 73759560
07031 63012873
04337 50862943
04407 75188385
05334 51549561
07534 50523885
0361 16815001
03433 92055926
03863 14014665
04531 45831975
0281 5761437
02623 44206246
03621 20734689
03563 39163954
02602 96963437
06087 32674595
03321 38189501
09544 6481050
030 2478983
08551 3673040
03874 53697422
05244 23731326
05332 20451207
069 655753
02424 17671892
04835 16756946
06761 36325925
03907 41303091
07348 35562186
05564 97151813
0209 94839606
06563 94392295
0511 53802972
09642 76650985
02747 21381832
06821 49331027
09428 60210882
040 54222881
07143 75521576
07943 161286
0871 84109466
069 93801963
02845 21444559
07082 79753002
09861 8446948
02663 3542642
08076 90657232
05232 66288449
03725 94169782
04124 88973695
0351 17649
06773 41658928
03841 79296416
06339 44830037
07335 23045830
03991 95127710
0228 35442566
06595 56563836
04342 89228706
04662 79954881
04827 5822824
06564 45897393
05181 51059870
07424 17908185
07308 78524019
06762 16281554
07348 65075817
09856 65498881
07354 6585999
06158 92315858
06002 86768479
02607 83795348
06724 79371711
06743 95349766
03378 14456948
09203 39575065
09868 80490945
04153 23014667
08233 6472436
02602 34359718
02681 61212913
02604 74378715
09901 71642191
0281 54085336
06392 70336068
0203 6909755
06373 32312793
06551 22369206
09090 39189172
06251 95650223
05327 42700462
09938 75069330
06558 42055336
05724 42043031
030 16585121
04921 34348752
0202 29770644
06761 77422517
06361 41300247
04777 42198567
06302 56422933
02739 94199131
06534 12072324
05532 98630095
06371 13738524
07721 50360682
02663 4077558
05069 17906710
030 68356079
09093 55447686
04625 15994642
02741 33957777
06762 81310402
08102 2158901
04323 20893406
03686 43081616
02662 3142258
07051 59010302
06627 48400158
02428 60973206
06385 84494211
07141 36011071
09383 9849753
07321 81882589
02838 49928749
05693 72855025
05446 77270895
04642 25173609
03886 4421218
09262 81579533
069 90886137
04851 16160442
08024 36585692
06128 37480970
06381 20858144
09161 25781197
05773 61924449
09621 87929605
08144 22906884
04871 97102392
09394 18021427
09081 191711
05542 70767185
0201 59432905
05605 33661175
09943 46441413
04621 69248760
04137 32614465
02672 10522712
06527 91593880
07152 40482182
07941 50099992
06731 31098337
04264 4968953
06341 84069339
0931 58141061
09655 66220442
06135 46930575
09090 9827365 