1108
1326
1454
1809
1847
2625
2681
2708
2763
2828
3172
3205
4319
4610
4720
4860
6110
6128
6295
6406
6408
6449
6507
6528
6556
6766
6842
6886
7334
7381
7548
7907
8393
9111
9119
9306
9577
10115
10715
10965
12103
12107
12165
12167
12205
12247
12277
12349
12681
12689
13088
13159
13435
14482
14913
14974
15537
15711
16356
16359
16928
17091
17111
17139
17166
17192
17217
17309
17498
18258
18276
18311
18528
19065
19067
19073
19077
19288
19370
19372
19406
20251
20259
21031
21035
21218
21244
21335
21357
21360
21369
21371
21385
21391
21406
21509
21514
21516
21521
21629
21720
21789
22113
22929
22941
22946
22962
23566
23730
23777
23795
23826
23843
23860
23863
23869
23881
23911
23919
23936
23972
24113
24116
24148
24159
24211
24226
24321
24329
24361
24537
24568
24589
24598
24616
24619
24622
24640
24644
24790
24793
24799
24848
24850
24855
24857
24864
24867
24885
24975
24980
24994
24997
25355
25361
25485
25541
25551
25554
25557
25560
25563
25566
25569
25572
25582
25587
25588
25596
25724
25727
25746
25764
25767
25774
25782
25799
25813
25821
25836
25842
25850
25860
25864
25870
25872
25876
25889
25899
25923
25938
26452
26524
26683
26723
26789
26817
26835
26892
27251
27259
27324
27367
27374
27412
27419
27478
27576
27616
27632
28309
29336
29393
29439
29462
29468
29479
29565
29568
29587
29693
30451
30657
30823
30826
30966
31032
31191
31303
31552
31555
31582
31619
31632
31699
31702
31848
32105
32257
32339
32369
32427
32457
32469
32479
32545
32584
33102
33719
34128
34225
34292
34414
34454
34590
35096
35216
35236
35447
35576
35580
35644
35708
35794
36251
36266
36364
36381
37081
37127
37133
37136
37290
37293
37619
37627
38108
38124
38159
38170
38271
38277
38302
38312
38350
38368
38446
38465
38642
38729
38855
39264
39435
39576
39590
39606
39638
40221
40723
41169
41189
41238
41366
41516
41569
41747
41849
42109
42399
42659
42799
44141
44147
44269
44319
44339
44379
44581
44793
44803
45136
45145
45239
45257
45276
45307
45478
45663
46284
47057
47119
47137
47228
47475
47803
47877
47906
48143
48351
48366
48429
48465
48527
48531
48653
49080
49084
49086
49393
49594
49685
49762
49779
49808
49824
49838
49843
50226
50858
51429
51643
52062
52064
52134
52224
52353
52372
52385
52393
53113
53343
53426
53505
53534
53539
53560
53572
53578
53579
53721
54292
54298
54311
54314
54317
54338
54340
54424
54426
54429
54441
54451
54472
54492
54518
54533
54538
54539
54552
54570
54578
54587
54597
54608
54617
54636
54646
54649
54673
54675
54689
55116
55130
55131
55234
55237
55270
55278
55411
55413
55422
55425
55430
55442
55469
55471
55481
55487
55490
55496
55497
55546
55568
55569
55590
55595
55596
55606
55608
55624
55629
55758
55765
55767
55776
56072
56218
56220
56235
56244
56253
56281
56288
56290
56291
56317
56332
56340
56357
56368
56377
56412
56424
56459
56472
56479
56584
56637
56651
56729
56761
56766
56812
56826
56841
56858
56864
56865
57074
57290
57520
57537
57580
57610
57612
57627
57629
57636
58089
58093
58452
58456
58579
58791
59065
59469
59494
59581
59939
60320
60386
60388
61130
61203
63322
63546
63549
63633
63654
63674
63773
63791
63801
63829
63853
63867
63939
64395
64521
64625
64668
65183
65224
65232
65388
65451
65479
65550
65558
65606
65611
66123
66265
66399
66424
66484
66620
66636
66802
66809
66849
66851
66894
66903
66904
66909
66919
66957
66989
66996
67150
67157
67229
67294
67295
67304
67308
67459
67483
67574
67586
67808
67811
67829
68165
68309
69253
69427
70378
70435
70563
71069
71139
71394
71543
71634
71636
71720
72144
72175
72221
72224
72291
72293
72297
72358
72411
72458
72461
72488
72516
72537
72631
72655
72764
72818
73102
73116
73262
73466
73491
73529
73553
74076
74254
74374
74575
74586
74673
74740
74746
74909
74925
75196
75378
75399
75433
76356
76467
76470
76549
76761
76833
76835
76857
76870
76879
76889
77652
77694
77740
77756
78089
78476
78576
78585
78737
79112
79252
79254
79263
79336
79362
79415
79692
79694
79793
79807
80331
80336
80539
82024
82054
82284
82296
82418
82444
82491
82544
82547
83052
83115
83131
83209
83324
83410
83562
83714
84056
84076
84103
84177
84339
84367
84424
84439
84494
84549
84564
85077
85117
85119
85137
85235
85296
85302
85304
85410
85452
85635
85643
85653
86154
86179
86415
86480
86488
86495
86500
86513
86551
86562
86570
86633
86673
86684
86688
86695
86741
86751
86753
86865
86869
86928
86938
86983
87439
87471
87488
87493
87538
87545
87656
87672
87745
87748
87760
87766
87775
87776
88045
88048
88099
88131
88142
88147
88167
88171
88284
88348
88361
88364
88377
88422
88433
88436
88457
88636
89081
89129
89134
89179
89183
89185
89186
89197
89233
89250
89275
89293
89335
89344
89444
89547
89597
89604
89619
90402
90441
90453
90475
90587
91085
91093
91154
91161
91186
91224
91233
91325
91327
91596
91601
91605
91635
91637
91735
91740
91741
91781
91790
92259
92260
92355
92360
92366
92367
92447
92554
92702
92706
93053
93083
93176
93458
93470
93473
94137
94209
94244
94350
94365
94437
94447
94522
94560
95138
95213
95515
95688
95689
95691
95694
95697
96172
96260
96268
96274
96277
96346
96476
96524
97237
97250
97252
97258
97267
97274
97320
97334
97342
97355
97469
97478
97494
97520
97640
97647
97708
97711
97717
97727
97729
97785
97794
97851
97852
97909
97999
98574
98669
98716
99310
99610
99706
99880