0153 5416940
0178 5866547
0165 9895751
0153 4608048
0157 3307711
0167 9901250
0151 6767479
0178 1200696
0165 6285602
0165 2939084
0164 4872007
0170 8275640
0159 2002383
0160 8144465
0172 7271080
0151 7924462
0176 6255680
0172 7373537
0150 6968852
0176 5264991
0171 9106094
0174 2333058
0172 9758078
0170 4352719
0155 7864298
0164 8815153
0165 6792851
0151 6354877
0160 6283536
0171 1365727
0163 3901503
0152 9343065
0177 9166513
0164 3191770
0154 9694455
0177 2627732
0179 2198170
0161 9817763
0152 1452560
0165 1547362
0175 4234876
0175 4401986
0159 5902294
0157 4165725
0178 8065847
0162 2409656
0177 5486540
0160 7734008
0166 6414798
0161 4941565
0171 8416991
0170 1410552
0153 4228563
0162 1570034
0176 1975930
0173 5711676
0163 3051090
0155 1991821
0159 1277817
0156 1176579
0156 5677087
0160 4983888
0156 7848259
0152 2973426
0156 6108246
0178 4647690
0176 4493080
0165 7458325
0151 4124580
0177 6714199
0177 3307796
0178 8429882
0152 1890271
0165 2903656
0169 6670826
0156 9255609
0153 9193792
0156 9074735
0167 6979677
0162 3423205
0171 1400317
0153 9695567
0150 9000432
0177 9654119
0160 7230935
0178 2029021
0153 7347717
0157 5511900
0167 4176342
0150 3115754
0178 1541956
0178 6033762
0170 8631805
0164 8787503
0172 4979438
0153 7170282
0160 3221198
0155 8367059
0153 4624491
0153 4914588
0170 9059612
0155 3431802
0158 3356179
0170 8036581
0160 7149065
0153 7831526
0179 1656947
0166 5597357
0157 1687086
0173 7839756
0155 9109681
0168 6094624
0153 8811297
0155 5119641
0151 7270621
0151 4002094
0158 7007981
0175 3093062
0158 4148999
0164 3472558
0172 2838215
0168 7132711
0176 8452657
0165 2758652
0162 1381539
0167 9869172
0150 6595295
0155 8991820
0179 2889238
0162 5416068
0162 7868205
0157 2408182
0172 5842592
0161 9793788
0150 3735979
0155 4439630
0178 6762438
0174 3110468
0163 8974326
0164 3032643
0151 5106478
0156 2557348
0167 5494709
0167 5732082
0159 2091862
0154 5790013
0178 3321998
0153 8046919
0151 8836046
0161 2070954
0160 9871180
0156 2933268
0169 5280250
0159 2275243
0169 6400974
0158 2043548
0168 8343700
0176 2078865
0159 7770939
0160 5099064
0171 6633810
0154 2570336
0179 1451301
0168 9951977
0156 3338176
0167 3864941
0156 7341779
0179 9470011
0153 1307118
0166 8102875
0150 3486255
0160 1211123
0174 1851815
0154 1922673
0168 4923355
0172 5528143
0171 9946868
0169 9706351
0177 1229609
0163 1012388
0171 7281320
0168 9588867
0179 7015718
0178 3869078
0166 4126107
0177 8541815
0173 3840089
0162 2666723
0168 3474676
0179 5492612
0150 7408741
0172 5228527
0169 3816253
0151 3146899
0159 9842883
0163 1785490
0177 5694493
0178 8035521
0164 1297605
0166 4015046
0178 9917054
0177 7104100
0165 9769035
0174 9420215
0174 2056729
0172 1224679
0174 9629302
0150 7589634
0158 9697555
0169 2283926
0157 3313658
0177 2168989
0163 3764959
0177 4339809
0168 7052791
0156 7845836
0160 5558870
0173 6740810
0173 2160643
0153 4435510
0152 6620260
0153 1311556
0179 2207094
0153 6871144
0174 8730646
0166 2965686
0177 6335954
0158 4278735
0159 1673801
0179 9882890
0173 5176463
0177 6448511
0151 6265797
0155 1214150
0159 6436687
0154 7972640
0153 2415413
0155 7661876
0166 2970931
0179 2721228
0166 4321881
0150 9868927
0157 5200931
0175 8334584
0177 5933972
0162 5968926
0161 5694977
0156 5588855
0155 4745436
0178 2745152
0166 1930651
0162 1991221
0155 4329701
0169 9086752
0151 6672700
0161 8606895
0168 7745239
0156 8008476
0174 4012685
0176 2355862
0162 8733983
0152 5711359
0179 9076132
0178 4639020
0168 4168728
0154 7977886
0167 5121899
0162 2553538
0160 2756170
0164 7286763
0150 2397322
0157 2699538
0175 2975581
0153 3300284
0159 2593684
0173 4711362
0173 4779723
0178 3228149
0179 3774811
0153 5465390
0150 1352820
0169 6374071
0169 3832673
0175 6582265
0156 1343295
0174 1352706
0173 8393014
0156 5039116
0153 1094905
0178 5986172
0178 9682746
0156 5177636
0179 2473290
0167 6251051
0152 7395582
0175 4598482
0170 4419329
0179 4000324
0151 7620040
0163 9992946
0175 2986392
0169 7825982
0158 1495249
0156 3823427
0169 9345013
0167 8055987
0165 4805368
0177 5363991
0155 7457172
0155 1460590
0162 8354311
0176 3220819
0174 1176150
0176 8574029
0167 6266214
0171 2049016
0153 2795795
0170 5614978
0150 3610215
0159 3820542
0177 5812103
0175 8857880
0163 9614124
0153 3246145
0177 7712561
0155 4082710
0174 5274915
0165 2207385
0153 4797053
0176 8822607
0156 6104844
0169 5874777
0172 4232611
0151 5469593
0158 8823016
0162 1865606
0178 8650682
0177 7363917
0152 7791084
0167 2592048
0177 3040179
0160 7867922
0179 8006895
0179 6701486
0162 8937873
0171 3859694
0167 1810286
0168 2302289
0163 7793663
0151 2329242
0152 5293694
0165 3007388
0156 6409652
0152 6902526
0165 8113810
0167 8287541
0165 6734153
0152 3034065
0162 1702348
0157 9379342
0152 6164333
0178 2305895
0175 4068423
0159 1555866
0153 4480472
0164 1125479
0170 5101544
0164 8217455
0159 3210493
0175 1490527
0158 5912636
0166 1216512
0179 7152477
0150 1059484
0164 2495981
0162 9712642
0161 1322410
0165 2817119
0161 1698272
0151 4624356
0177 8407124
0159 1248009
0176 5262745
0172 6312030
0178 2150080
0164 1395484
0151 9566709
0163 6765146
0154 6022063
0170 9950132
0178 2511817
0174 9910899
0153 2702623
0156 2944582
0171 3320170
0167 7673612
0151 2686031
0173 8372449
0150 1902697
0172 4791991
0175 9138044
0174 5707228
0172 8756576
0156 6813374
0170 9224220
0177 7076810
0161 4429945
0159 3987908
0175 1754552
0168 8156786
0167 6915168
0152 2153904
0158 9145192
0177 9503617
0157 8487037
0160 4858967
0166 7736671
0152 6604827
0172 6941507
0152 2794060
0159 6327590
0164 5613588
0162 9571942
0158 1059166
0168 1277815
0163 3983740
0151 3643277
0162 8935585
0161 7390141
0151 2633265
0169 1992670
0177 6636212
0155 6021698
0155 7583861
0174 4987456
0174 6289433
0177 8160619
0157 9483080
0163 4919454
0169 3322849
0159 1695275
0172 7432627
0164 6844449
0170 3052357
0175 1197566
0179 7157262
0154 1325539
0164 6602887
0168 7737259
0166 9592343
0178 5254424
0165 7150433
0165 8818845
0157 6152985
0162 5489759
0166 6642093
0158 6117255
0150 6399234
0169 8851800
0173 8992968
0151 6382333
0167 2833378
0166 2149531
0161 5201960
0166 8277633
0177 3537028
0160 5808831
0164 1714824
0170 5019843
0160 4493350
0168 1418682
0153 2719273
0158 1317292
0167 7196578
0153 3837432
0158 9209733
0171 2114110
0158 8689812
0170 3571807
0160 1103807
0167 4721944
0160 5271923
0168 6372653
0163 3053439
0155 1083432
0156 4460417
0160 8607777
0164 9657882
0162 2892494
0173 5450685
0150 1475792
0157 9365910
0164 1767284
0178 6052772
0174 3789802
0163 5616308
0160 2246539
0169 6918804
0171 2493028
0155 8657607
0154 6457673
0167 4535494
0152 2560667
0154 1317439
0151 2073477
0178 7752972
0158 9475487
0160 6530131
0166 4441558
0157 6452154
0158 2897556
0172 9178805
0176 4768060
0158 3538602
0165 2982141
0150 8441748
0164 7864761
0150 3659968
0179 6464468
0153 8547915
0170 4636084
0172 7127745
0159 9923593
0156 1400260
0156 9697489
0160 1363838
0156 9687169
0178 2914801
0164 6769992
0154 1344975
0172 6741857
0164 4196166
0166 4401233
0161 7435864
0168 1509779
0169 3132571
0174 3657579
0169 8255295
0175 6891331
0175 9895654
0171 6632922
0157 6111273
0164 1832865
0170 8283756
0176 5580581
0166 6602238
0179 7655086
0176 3242449
0163 4881777
0154 4048243
0174 7348949
0161 8055412
0152 5766223
0152 3181475
0166 6810788
0171 9509640
0174 4338707
0160 8870235
0154 7471064
0154 4516640
0170 3021404
0164 7063586
0165 9605422
0170 5728066
0162 6380160
0155 5835137
0170 2098336
0151 7262076
0153 4701975
0155 2807446
0172 1637773
0165 2362167
0152 4391719
0155 8244808
0174 7014324
0175 1913549
0179 5030983
0171 9636841
0160 8726275
0156 1922332
0175 3113366
0175 3005910
0163 8569794
0162 9686102
0172 3123744
0169 6006718
0150 8751620
0165 8563378
0161 4810704
0171 2469201
0152 2552119
0157 3278023
0172 1189924
0179 9444610
0170 9453832
0150 9759352
0171 7654111
0172 4072464
0159 2094634
0170 8071602
0176 4312074
0156 5645656
0154 7259540
0160 4540140
0155 9449934
0178 9142988
0158 3017705
0154 8939614
0154 9524816
0174 6035182
0177 1860005
0155 7708323
0153 3833190
0152 6258189
0151 6936758
0165 3028316
0155 2517126
0157 2042917
0151 5597296
0172 5912413
0158 7723008
0159 7152638
0168 3315121
0176 8582385
0170 6575501
0161 4653030
0165 6138833
0171 7355919
0170 5650026
0165 4481493
0174 1530192
0164 8848695
0169 6505433
0164 8033678
0165 8038768
0177 4652778
0165 7189995
0176 4238567
0175 2842448
0159 9866128
0169 4375854
0179 4015542
0150 4878873
0157 3857161
0153 8008290
0174 8582209
0160 9764637
0169 4693050
0175 9464625
0177 6622554
0171 7136993
0177 6932489
0176 5397778
0173 7552505
0171 8902363
0163 5812829
0162 9769146
0150 2904231
0165 3972271
0170 3370183
0177 6095786
0169 6466658
0166 8921013
0153 1864777
0168 2986917
0156 8023715
0157 8367366
0165 4655391
0172 2214477
0172 3570164
0164 3357375
0167 2740234
0157 2938284
0155 6083359
0175 6849298
0169 6978391
0152 5904097
0166 8907220
0170 8329019
0154 8918096
0178 2525889
0170 1107264
0168 5939049
0173 7611646
0150 1563256
0166 6397447
0171 2033573
0160 5282298
0159 7193969
0150 7550260
0170 9233207
0165 9623001
0174 1302565
0175 2508603
0178 4452971
0151 9302871
0150 6413208
0174 6997292
0172 7578808
0171 4289727
0150 3330787
0174 4614362
0165 2133409
0175 1552666
0164 1000465
0157 8752592
0173 4886872
0156 2424257
0179 4138652
0175 7842272
0172 4184238
0157 2928909
0160 3422849
0166 9249079
0158 7312812
0158 1973803
0178 8186379
0151 7098686
0159 9024197
0155 7354977
0178 3536552
0163 7180895
0158 8146225
0157 7213208
0172 9730772
0160 7866980
0165 1775084
0177 8318576
0170 8335388
0156 8086357
0174 4920503
0150 9821864
0151 4784646
0160 2511949
0159 5708805
0177 4116573
0151 3228766
0164 7380700
0172 2133252
0170 5865768
0155 4617848
0166 6984750
0164 7438572
0155 6179763
0166 7753008
0178 1023260
0150 7656627
0179 9432406
0161 4325367
0163 7779019
0164 2225851
0155 9696663
0166 2676497
0157 3053632
0162 2573579
0171 8247246
0158 8009283
0154 7903786
0157 7374777
0155 5184697
0165 5846393
0179 3283195
0178 3397327
0165 2973834
0178 7926912
0158 4558859
0159 4615444
0160 7701876
0179 4635218
0158 1298061
0155 3990356
0155 8719424
0161 1275472
0171 4994627
0178 5187909
0152 8975725
0165 5325082
0166 3073261
0150 2986718
0167 7815664
0175 5779954
0176 6479769
0160 7376152
0163 5261918
0156 9433298
0171 3315262
0155 4839944
0155 5783319
0154 4351527
0154 5657449
0177 6837462
0153 3607544
0152 8053184
0156 7316459
0174 8699957
0155 6844236
0167 5515964
0173 3990599
0159 9394854
0161 1220569
0179 5381588
0162 9681990
0155 6114234
0151 3448592
0165 5441993
0179 6402211
0158 6711227
0174 3037115
0152 8177569
0178 1558084
0176 4122151
0152 3389701
0164 5757000
0156 2093195
0157 8090557
0170 2189374
0153 2721866
0170 7545755
0173 9397660
0173 7482980
0166 1655097
0169 1077903
0173 2840741
0157 7750415
0159 4472696
0157 6030956
0169 3084798
0152 5964568
0161 3322759
0170 6108875
0159 4809112
0173 9487676
0177 6371072
0176 7269040
0172 3560645
0171 1983524
0171 4949680
0157 9650024
0160 6444029
0150 1123643
0164 2071338
0152 2451257
0168 9411259
0166 1112015
0158 1419609
0169 6416140
0170 1619449
0155 7047982
0166 7764591
0170 9629287
0171 2660029
0167 1336558
0163 1670417
0168 8998728
0158 7457907
0174 5529367
0155 2099855
0176 8756024
0151 3462510
0172 2274623
0153 1227177
0158 4726053
0159 6564952
0176 8806701
0156 1211008
0163 2933063
0172 7300683
0175 1155138
0162 8781819
0156 8454364
0153 1078470
0159 2213711
0172 4585360
0178 5708939
0152 7933507
0176 6862417
0157 2803209
0153 3224757
0174 5704741
0168 3417285
0173 4064728
0165 2573991
0172 7408552
0170 2338780
0173 1146000
0164 8957108
0174 7702366
0166 5179572
0176 4937646
0179 6360954
0173 2693363
0154 2521132
0159 8245221
0168 7923414
0178 6830796
0164 3837793
0160 3809594
0161 9567834
0179 3291558
0178 5694835
0165 1240163
0158 6272858
0168 6148622
0165 1361894
0176 4873146
0178 3074835
0157 4697589
0175 3239978
0174 1279367
0153 1352702
0167 6691699
0175 3349125
0175 4342310
0174 9432416
0164 1856227
0166 1615882
0172 1662357
0160 7307225
0164 2208915
0162 6292081
0150 4470003
0164 5312353
0174 8335146
0160 9416768
0176 5721716
0155 4110957
0159 9444857
0175 4080497
0150 3993305
0174 3080495
0171 1050198
0152 4525030
0156 5422685
0150 8257575
0159 3564205
0165 8780562
0176 2275482
0154 1063064
0173 9384009
0150 6187318
0175 6898189
0161 2737986
0150 6104780
0173 8970817
0177 9213018
0175 6564427
0175 2086808
0167 2825820
0177 6448336
0154 2302548
0174 7899777
0164 1137627
0156 8044617
0160 2126342
0177 8775015
0179 3723981
0157 6413869
0162 6204097
0159 7597402
0160 2013783
0179 6050075
0154 1855911
0150 1966282
0177 4017626
0150 6888899
0171 2534357
0155 8208135
0162 1006373
0159 4100277
0163 1966154
0157 6013882
0167 6854198
0169 7635024
0179 1976841
0174 4432959
0172 4733040
0163 1754846
0163 2055651
0157 2514895
0150 1707109
0158 2691100
0165 9439316
0168 7304019
0150 5995753
0172 3706964
0157 9934431
0154 3186711
0171 9371302
0166 9787830
0155 2066775
0169 9993328
0172 5484838
0165 4124936
0169 9145202
0155 5692965
0152 7181356
0160 2055347
0179 5665941
0172 9814223
0168 2720925 